function [k1, k2] = nlcon(p)
    f=400;
    k1 = 2*f+1 - p^(1/2)*530.8945;
    k2 = 1- p^(1/2)*1.2984*10^6;
